# Time-averaged data for fix rot
# TimeStep c_rmatrix[1] c_rmatrix[2] c_rmatrix[3] c_rmatrix[4] c_rmatrix[5] c_rmatrix[6] c_rmatrix[7] c_rmatrix[8] c_rmatrix[9]
0 0.736976 -0.327985 -0.591009 0.591009 0.736976 0.327985 0.327985 -0.591009 0.736976
400000 0.649587 -0.289093 -0.70318 0.659957 0.673612 0.332721 0.377483 -0.6802 0.628359
800000 0.743904 -0.641942 0.185787 0.478222 0.70554 0.52299 -0.466809 -0.300207 0.831844
1200000 0.866403 0.266834 -0.422072 -0.450279 0.78287 -0.429375 0.215856 0.562062 0.798431
1600000 0.809173 0.249208 -0.532104 -0.528992 0.703155 -0.475122 0.255747 0.665934 0.700803
2000000 0.728786 0.224451 -0.64691 -0.620358 0.616369 -0.48502 0.289872 0.754792 0.588441
2400000 0.628626 0.193603 -0.753224 0.0176688 0.964713 0.262709 0.777507 -0.178454 0.603023
2800000 0.835357 0.498851 0.230926 -0.523464 0.59363 0.611219 0.167823 -0.631468 0.757023
3200000 0.817626 0.488263 0.305101 -0.541757 0.473061 0.694776 0.194901 -0.733358 0.651306
3600000 0.796761 -0.169812 -0.579944 0.0147752 0.964893 -0.262229 0.604113 0.200365 0.771298
4000000 0.741469 0.442784 0.504149 -0.590306 0.787672 0.176387 -0.319003 -0.428387 0.845412
4400000 0.674354 0.402705 0.618931 -0.628529 0.752972 0.194894 -0.387553 -0.520444 0.760882
4800000 0.58808 0.351184 0.728582 -0.671461 0.714171 0.197736 -0.450891 -0.605499 0.655796
5200000 0.642497 0.743957 -0.183646 -0.55993 0.619406 0.550285 0.52314 -0.250727 0.814531
5600000 0.821541 -0.339506 0.458046 0.509243 0.79823 -0.321715 -0.256402 0.497559 0.828669
6000000 0.758709 -0.31354 0.57101 0.573677 0.73688 -0.357634 -0.308634 0.598916 0.738949
6400000 0.673762 -0.278435 0.684484 0.647804 0.668215 -0.365839 -0.35552 0.6899 0.630589
6800000 0.767638 -0.61511 -0.179921 0.462683 0.726163 -0.508538 0.443459 0.307127 0.842032
7200000 0.880176 0.251714 0.402406 -0.429305 0.783799 0.448728 -0.202454 -0.567714 0.797943
7600000 0.826857 0.236466 0.510286 -0.508723 0.701338 0.499325 -0.23981 -0.672465 0.700202
8000000 0.750426 0.214608 0.625143 -0.602509 0.610973 0.513513 -0.271742 -0.762008 0.587793
8400000 0.652844 0.186701 0.734124 0.0205686 0.964423 -0.263562 -0.757213 0.187165 0.625778
8800000 0.603518 -0.4836 -0.633954 0.658417 0.750704 0.0541457 0.449727 -0.450084 0.771473
9200000 0.523236 -0.41927 -0.741914 0.670611 0.739776 0.0548876 0.525838 -0.526255 0.668244
9600000 0.8082 0.448161 -0.382053 -0.538577 0.824902 -0.171673 0.23822 0.344511 0.908055
10000000 0.763677 0.423473 -0.487308 -0.57134 0.794775 -0.204703 0.300614 0.434745 0.848898
10400000 0.698529 0.387347 -0.601681 -0.614939 0.754917 -0.227925 0.365934 0.529209 0.765526
10800000 0.613211 0.340036 -0.712985 -0.664779 0.709679 -0.233291 0.426663 0.617035 0.661232
11200000 0.669944 0.720332 0.179713 -0.549862 0.644077 -0.531805 -0.498825 0.257463 0.827579
11600000 0.838873 -0.321908 -0.438939 0.488101 0.801784 0.344819 0.240935 -0.503506 0.829718
12000000 0.779413 -0.299091 -0.550509 0.555257 0.73675 0.385861 0.29018 -0.606419 0.740305
12400000 0.697365 -0.267606 -0.664883 0.63389 0.663202 0.397928 0.334464 -0.698964 0.632126
12800000 0.597232 -0.229181 -0.768629 0.71193 0.592853 0.376407 0.369418 -0.772012 0.517231
13200000 0.78044 -0.580702 0.23173 0.595723 0.578132 -0.557564 0.189808 0.573192 0.797134
13600000 0.843359 0.223958 -0.488454 -0.488096 0.699457 -0.522036 0.224738 0.678677 0.699207
14000000 0.771117 0.204774 -0.602865 -0.58359 0.605897 -0.540659 0.254561 0.768737 0.586722
14400000 0.676628 0.179682 -0.714065 0.0234395 0.964021 0.26479 0.735952 -0.195902 0.648072
14800000 0.629258 -0.468211 0.620332 0.64985 0.754773 -0.0895165 -0.426297 0.459452 0.779214
15200000 0.548455 -0.408089 0.729836 0.669998 0.736694 -0.0915655 -0.500299 0.539209 0.677462
15600000 0.827053 0.425859 0.366916 -0.515548 0.834803 0.19317 -0.224039 -0.348925 0.909977
16000000 0.784764 0.404084 0.46996 -0.551375 0.801468 0.231592 -0.283075 -0.440869 0.851765
16400000 0.721952 0.371742 0.583604 -0.599716 0.756874 0.259773 -0.345146 -0.537541 0.769366
16800000 0.638119 0.328575 0.696306 -0.65595 0.705549 0.268198 -0.403155 -0.627884 0.665753
17200000 0.696698 0.695593 -0.175393 -0.537667 0.668186 0.514239 0.474896 -0.263966 0.839521
17600000 0.854947 -0.304643 0.419832 0.466758 0.804891 -0.366453 -0.226282 0.509257 0.830333
18000000 0.799014 -0.284713 0.529638 0.535961 0.736542 -0.412617 -0.272623 0.613551 0.741102
18400000 0.720266 -0.256652 0.644474 0.618392 0.658533 -0.428865 -0.314339 0.707434 0.633031
18800000 0.621875 -0.221593 0.751111 0.701894 0.583075 -0.409107 -0.347299 0.781614 0.518134
19200000 0.80192 -0.554066 -0.223461 0.570333 0.598609 0.562483 -0.177887 -0.578514 0.796039
19600000 0.858677 0.211739 0.466734 -0.46729 0.697488 0.543277 -0.210508 -0.6846 0.697861
20000000 0.790781 0.194997 0.580208 -0.563802 0.601094 0.566404 -0.238312 -0.775024 0.585273
20400000 0.699845 0.172573 0.693135 0.026246 0.963508 -0.26639 -0.713813 0.204623 0.669777
20800000 0.654655 -0.452317 -0.60567 0.6392 0.758962 0.1241 0.403548 -0.468387 0.785979
21200000 0.573821 -0.396467 -0.716619 0.667043 0.733926 0.128082 0.475166 -0.551512 0.685603
21600000 0.589479 -0.789726 0.169844 0.609436 0.572797 0.548171 -0.530191 -0.219626 0.81894
22000000 0.804654 0.384733 -0.45223 -0.530634 0.807694 -0.257017 0.26638 0.446779 0.854067
22400000 0.744497 0.35597 -0.564809 -0.583057 0.758784 -0.290329 0.325219 0.545465 0.772464
22800000 0.662656 0.316839 -0.678601 -0.6451 0.70176 -0.30229 0.380438 0.63808 0.669418
23200000 0.56438 0.269849 -0.780165 -0.707151 0.645642 -0.288241 0.425926 0.714372 0.555212
23600000 0.869773 -0.28779 -0.400839 0.445391 0.807543 0.386655 0.212419 -0.514832 0.830558
24000000 0.817457 -0.27048 -0.508531 0.515995 0.736217 0.437874 0.255953 -0.620343 0.741392
24400000 0.742345 -0.245627 -0.623371 0.601504 0.654164 0.458544 0.295156 -0.715358 0.633361
24800000 0.646258 -0.213834 -0.732547 0.0143536 0.963175 -0.268492 0.762984 0.163 0.625529
25200000 0.821992 -0.52737 0.214964 0.544567 0.617399 -0.567684 0.166661 0.583695 0.794685
25600000 0.80681 -0.517629 0.284812 0.556968 0.505569 -0.658928 0.197089 0.690261 0.696201
26000000 0.809359 0.185323 -0.55731 -0.543344 0.596518 -0.590715 0.222972 0.780911 0.583491
26400000 0.740161 -0.474869 0.47609 0.596744 0.790202 -0.139562 -0.309934 0.387402 0.868251
26800000 0.679549 -0.435982 0.590028 0.62661 0.763203 -0.157737 -0.381541 0.476907 0.791825
27200000 0.599191 -0.384426 0.702272 0.661793 0.731474 -0.164242 -0.450555 0.563172 0.692704
27600000 0.505425 -0.324268 0.799622 0.696745 0.700036 -0.156515 -0.509011 0.636239 0.579747
28000000 0.823297 0.365531 0.434245 -0.509335 0.813411 0.280965 -0.250518 -0.452494 0.855856
28400000 0.766057 0.340117 0.545415 -0.565171 0.760591 0.319505 -0.306169 -0.553012 0.77488
28800000 0.686677 0.304874 0.659944 -0.63238 0.69828 0.335413 -0.358567 -0.647655 0.672289
29200000 0.589243 0.261614 0.764429 -0.700919 0.636122 0.322585 -0.401877 -0.725883 0.558201
29600000 0.883379 -0.271415 0.382067 0.42416 0.809739 -0.405476 -0.199322 0.520247 0.83043
30000000 0.834712 -0.256462 0.487323 0.495563 0.735744 -0.461627 -0.240155 0.626824 0.741227
30400000 0.7635 -0.234583 0.601697 0.583425 0.650048 -0.486881 -0.276918 0.722778 0.633173
30800000 0.670242 -0.20593 0.712999 0.0117675 0.96356 0.267235 -0.742049 -0.170722 0.648242
31200000 0.840617 -0.500798 -0.206312 0.518649 0.634489 0.573085 -0.156097 -0.588748 0.793101
31600000 0.826284 -0.49226 -0.273744 0.532197 0.523165 0.665631 -0.18445 -0.695686 0.694262
32000000 0.826809 0.175797 0.534305 -0.522407 0.592127 0.613577 -0.208511 -0.786436 0.581414
32400000 0.762643 -0.454345 -0.460376 0.577121 0.799372 0.167138 0.292074 -0.393159 0.871848
32800000 0.703788 -0.419283 -0.573484 0.612248 0.767428 0.190282 0.360326 -0.485033 0.796811
33200000 0.624417 -0.371997 -0.68682 0.654327 0.729323 0.199858 0.426567 -0.5742 0.69881
33600000 0.530041 -0.315773 -0.786984 0.696905 0.690948 0.192133 0.483095 -0.650291 0.586294
34000000 0.840664 0.346583 -0.41613 -0.487685 0.818589 -0.30344 0.235472 0.458031 0.857182
34400000 0.78654 0.324269 -0.525551 -0.546269 0.762244 -0.347237 0.288 0.560208 0.776674
34800000 0.710045 0.292732 -0.640425 -0.617961 0.695068 -0.36743 0.33758 0.656649 0.674426
35200000 0.61403 0.253148 -0.747585 -0.692517 0.627207 -0.356415 0.378665 0.736565 0.560433
35600000 0.762951 0.609901 0.214307 -0.409169 0.712251 -0.570333 -0.500487 0.347448 0.792964
36000000 0.850763 -0.242724 -0.466141 0.474852 0.735097 0.483889 0.225207 -0.633023 0.740651
36400000 0.783644 -0.223575 -0.579583 0.56436 0.646139 0.513812 0.259616 -0.729739 0.632519
36800000 0.69369 -0.197911 -0.69255 0.00909963 0.963841 -0.266323 0.720216 0.178444 0.670408
37200000 0.631349 0.504699 0.588793 -0.653584 0.754946 0.053702 -0.417404 -0.418731 0.806498
37600000 0.55695 0.445224 0.701129 -0.665742 0.744051 0.0563602 -0.496583 -0.498161 0.710803
38000000 0.470015 0.375728 0.798696 -0.677998 0.733068 0.0541311 -0.56516 -0.566956 0.599296
38400000 0.783987 -0.433701 0.444148 0.556517 0.808036 -0.193304 -0.275052 0.398724 0.874852
38800000 0.727231 -0.402304 0.556135 0.596302 0.771565 -0.221611 -0.339939 0.492787 0.801001
39200000 0.649347 -0.359219 0.670306 0.644754 0.72745 -0.234752 -0.403287 0.584618 0.703975
39600000 0.554899 -0.30697 0.773212 0.694699 0.682319 -0.227669 -0.45769 0.663483 0.59187
40000000 0.856749 0.327986 0.398004 -0.465879 0.823212 0.324468 -0.221221 -0.463409 0.858087
