# Time-averaged data for fix rot
# TimeStep c_rmatrix[1] c_rmatrix[2] c_rmatrix[3] c_rmatrix[4] c_rmatrix[5] c_rmatrix[6] c_rmatrix[7] c_rmatrix[8] c_rmatrix[9]
0 0.736976 -0.327985 -0.591009 0.591009 0.736976 0.327985 0.327985 -0.591009 0.736976
8000000 0.750426 0.214608 0.625143 -0.602509 0.610973 0.513513 -0.271742 -0.762008 0.587793
16000000 0.784764 0.404084 0.46996 -0.551375 0.801468 0.231592 -0.283075 -0.440869 0.851765
24000000 0.817457 -0.27048 -0.508531 0.515995 0.736217 0.437874 0.255953 -0.620343 0.741392
32000000 0.826809 0.175797 0.534305 -0.522407 0.592127 0.613577 -0.208511 -0.786436 0.581414
40000000 0.856749 0.327986 0.398004 -0.465879 0.823212 0.324468 -0.221221 -0.463409 0.858087
